38906
31103
42564
41295
20693
55762
14848
18477
40745
47179
5782
6339
10573
31941
51325
7721
36990
49877
50015
32474
17202
51220
16345
49051
18903
49311
35962
24334
3832
19607
4653
42738
50710
47218
18497
5868
37444
33345
24345
12653
14989
30127
18992
25562
62068
4781
33284
33522
54658
17763
460
6325
3447
16806
55376
22350
581
25803
46684
4413
45410
51338
47151
30585
33020
112
36453
4928
33458
60798
17581
48447
25390
36573
8473
21922
41354
41757
55445
30476
59521
55905
36801
62968
7175
26642
19783
7756
52445
931
12169
32319
52269
59320
62904
19753
59433
33821
24681
27355
